#Mon May 26 13:02:37 EET 2025
HEMAbattery/DGTIN=-41.775777160008786,18.237648124994287,0.793042278549568
HEMAbattery/HVCU_CONTROL_STATE=30.000000000000004,30.000000000000004,0.7071918133571263
HEMAbattery/HEMABATTERY=-1469.837077627549,-2412.91818942936,0.6337146678887232
